0 0.50000
1 0.26250
2 0.20327
3 0.17005
4 0.14819
5 0.13254
6 0.12072
7 0.11146
8 0.10399
9 0.09783
10 0.09267
11 0.08829
12 0.08452
13 0.08124
14 0.07838
15 0.07584
16 0.07360
17 0.07159
18 0.06979
19 0.06816
20 0.06669
21 0.06536
22 0.06414
23 0.06303
24 0.06201
25 0.06107
26 0.06021
27 0.05941
28 0.05868
29 0.05800
30 0.05736
31 0.05678
32 0.05623
33 0.05572
34 0.05525
35 0.05481
36 0.05439
37 0.05401
38 0.05364
39 0.05330
40 0.05299
41 0.05269
42 0.05241
43 0.05214
44 0.05190
45 0.05166
46 0.05144
47 0.05124
48 0.05104
49 0.05086
50 0.05069
51 0.05052
52 0.05037
53 0.05022
54 0.05009
55 0.04996
56 0.04983
57 0.04972
58 0.04961
59 0.04950
60 0.04941
61 0.04931
62 0.04923
63 0.04914
64 0.04906
65 0.04899
66 0.04892
67 0.04885
68 0.04879
69 0.04873
70 0.04867
71 0.04862
72 0.04857
73 0.04852
74 0.04847
75 0.04843
76 0.04839
77 0.04835
78 0.04831
79 0.04828
80 0.04824
81 0.04821
82 0.04818
83 0.04815
84 0.04813
85 0.04810
86 0.04808
87 0.04805
88 0.04803
89 0.04801
90 0.04799
91 0.04797
92 0.04795
93 0.04794
94 0.04792
95 0.04791
96 0.04789
97 0.04788
98 0.04787
99 0.04785
100 0.04784
101 0.04783
102 0.04782
103 0.04781
104 0.04780
105 0.04779
106 0.04778
107 0.04777
108 0.04777
109 0.04776
110 0.04775
111 0.04775
112 0.04774
113 0.04773
114 0.04773
115 0.04772
116 0.04772
117 0.04771
118 0.04771
119 0.04770
120 0.04770
121 0.04769
122 0.04769
123 0.04769
124 0.04768
125 0.04768
126 0.04768
127 0.04767
128 0.04767
129 0.04767
130 0.04767
131 0.04766
132 0.04766
133 0.04766
134 0.04766
135 0.04766
136 0.04765
137 0.04765
138 0.04765
139 0.04765
140 0.04765
141 0.04765
142 0.04764
143 0.04764
144 0.04764
145 0.04764
146 0.04764
147 0.04764
148 0.04764
149 0.04764
150 0.04764
151 0.04764
152 0.04763
153 0.04763
154 0.04763
155 0.04763
156 0.04763
157 0.04763
158 0.04763
159 0.04763
160 0.04763
161 0.04763
162 0.04763
163 0.04763
164 0.04763
165 0.04763
166 0.04763
167 0.04763
168 0.04763
169 0.04763
170 0.04763
171 0.04762
172 0.04762
173 0.04762
174 0.04762
175 0.04762
176 0.04762
177 0.04762
178 0.04762
179 0.04762
180 0.04762
181 0.04762
182 0.04762
183 0.04762
184 0.04762
185 0.04762
186 0.04762
187 0.04762
188 0.04762
189 0.04762
190 0.04762
191 0.04762
192 0.04762
193 0.04762
194 0.04762
195 0.04762
196 0.04762
197 0.04762
198 0.04762
199 0.04762
200 0.04762
201 0.04762
202 0.04762
203 0.04762
204 0.04762
205 0.04762
206 0.04762
207 0.04762
208 0.04762
209 0.04762
210 0.04762
211 0.04762
212 0.04762
213 0.04762
214 0.04762
215 0.04762
216 0.04762
217 0.04762
218 0.04762
219 0.04762
220 0.04762
221 0.04762
222 0.04762
223 0.04762
224 0.04762
225 0.04762
226 0.04762
227 0.04762
228 0.04762
229 0.04762
230 0.04762
231 0.04762
232 0.04762
233 0.04762
234 0.04762
235 0.04762
236 0.04762
237 0.04762
238 0.04762
239 0.04762
240 0.04762
241 0.04762
242 0.04762
243 0.04762
244 0.04762
245 0.04762
246 0.04762
247 0.04762
248 0.04762
249 0.04762
250 0.04762
251 0.04762
252 0.04762
253 0.04762
254 0.04762
255 0.04762
256 0.04762
257 0.04762
258 0.04762
259 0.04762
260 0.04762
261 0.04762
262 0.04762
263 0.04762
264 0.04762
265 0.04762
266 0.04762
267 0.04762
268 0.04762
269 0.04762
270 0.04762
271 0.04762
272 0.04762
273 0.04762
274 0.04762
275 0.04762
276 0.04762
277 0.04762
278 0.04762
279 0.04762
280 0.04762
281 0.04762
282 0.04762
283 0.04762
284 0.04762
285 0.04762
286 0.04762
287 0.04762
288 0.04762
289 0.04762
290 0.04762
291 0.04762
292 0.04762
293 0.04762
294 0.04762
295 0.04762
296 0.04762
297 0.04762
298 0.04762
299 0.04762
300 0.04762
301 0.04762
302 0.04762
303 0.04762
304 0.04762
305 0.04762
306 0.04762
307 0.04762
308 0.04762
309 0.04762
310 0.04762
311 0.04762
312 0.04762
313 0.04762
314 0.04762
315 0.04762
316 0.04762
317 0.04762
318 0.04762
319 0.04762
320 0.04762
321 0.04762
322 0.04762
323 0.04762
324 0.04762
325 0.04762
326 0.04762
327 0.04762
328 0.04762
329 0.04762
330 0.04762
331 0.04762
332 0.04762
333 0.04762
334 0.04762
335 0.04762
336 0.04762
337 0.04762
338 0.04762
339 0.04762
340 0.04762
341 0.04762
342 0.04762
343 0.04762
344 0.04762
345 0.04762
346 0.04762
347 0.04762
348 0.04762
349 0.04762
350 0.04762
351 0.04762
352 0.04762
353 0.04762
354 0.04762
355 0.04762
356 0.04762
357 0.04762
358 0.04762
359 0.04762
360 0.04762
361 0.04762
362 0.04762
363 0.04762
364 0.04762
365 0.04762
366 0.04762
367 0.04762
368 0.04762
369 0.04762
370 0.04762
371 0.04762
372 0.04762
373 0.04762
